%YAML:1.0
---
camera_matrix: !!opencv-matrix
   rows: 3
   cols: 3
   dt: d
   data: [ 3.5625568705920801e+02, 0., 3.1805647773070041e+02, 0.,
       3.5668266426031528e+02, 1.9906598806351067e+02, 0., 0., 1. ]
dist_coeff: !!opencv-matrix
   rows: 1
   cols: 5
   dt: d
   data: [ 8.3716791755001449e-02, -1.1088489147921682e-01,
       1.4822075816285366e-02, 1.4692433477656288e-04,
       9.9882687820127478e-02 ]
