%YAML:1.0
---
camera_matrix: !!opencv-matrix
   rows: 3
   cols: 3
   dt: d
   data: [ 6.1081393599527451e+02, 0., 6.5053682808739700e+02, 0.,
       6.1070918771888887e+02, 3.2508579417946589e+02, 0., 0., 1. ]
dist_coeff: !!opencv-matrix
   rows: 1
   cols: 5
   dt: d
   data: [ 4.3706197064814656e-02, -6.4327503280569576e-02,
       -2.7328415144247401e-04, -3.6653000576686979e-04,
       1.0084157542350182e-02 ]

ret: 0.08407154760609903