%YAML:1.0
---
camera_matrix: !!opencv-matrix
   rows: 3
   cols: 3
   dt: d
   data: [ 6.0851953078710528e+02, 0., 6.4045586645732976e+02, 0.,
       6.0873693473861704e+02, 3.3478707295989193e+02, 0., 0., 1. ]
dist_coeff: !!opencv-matrix
   rows: 1
   cols: 5
   dt: d
   data: [ 4.2903359923115544e-02, -4.6033318279148736e-02,
       -4.2095448861739440e-04, 1.3197528129173309e-04,
       -1.8483604954326546e-02 ]
