%YAML:1.0
---
camera_matrix: !!opencv-matrix
   rows: 3
   cols: 3
   dt: d
   data: [ 1.3708763110475875e+03, 0., 9.5555190505993471e+02, 0.,
       1.3701938468466667e+03, 6.0069854867496497e+02, 0., 0., 1. ]
dist_coeff: !!opencv-matrix
   rows: 1
   cols: 5
   dt: d
   data: [ 7.4569490895237275e-02, 2.0478364713468528e-01,
       1.3400339057068193e-02, -2.4862387150825886e-03,
       -1.3713435920852131e+00 ]
