%YAML:1.0
---
camera_matrix: !!opencv-matrix
   rows: 3
   cols: 3
   dt: d
   data: [ 6.9663419779468552e+02, 0., 6.3857406366578709e+02, 0.,
       6.9507107354877246e+02, 3.8591115289319231e+02, 0., 0., 1. ]
dist_coeff: !!opencv-matrix
   rows: 1
   cols: 5
   dt: d
   data: [ 1.0256123439342789e-01, -1.9230328804186314e-01,
       6.1295847561304009e-03, 5.9428643387674624e-04,
       -1.2513081696140089e-02 ]
