%YAML:1.0
---
camera_matrix: !!opencv-matrix
   rows: 3
   cols: 3
   dt: d
   data: [ 9.5607574666268647e+02, 0., 6.2568464284836739e+02, 0.,
       9.5466145222071202e+02, 3.8996105980996026e+02, 0., 0., 1. ]
dist_coeff: !!opencv-matrix
   rows: 1
   cols: 5
   dt: d
   data: [ 2.8263909154354783e-01, -1.5984790419341777e+00,
       -1.8730011693400425e-02, -1.6563810377560159e-03,
       2.7640194817640289e+00 ]
