%YAML:1.0
---
camera_matrix: !!opencv-matrix
   rows: 3
   cols: 3
   dt: d
   data: [ 6.0201811644310851e+02, 0., 6.4197388500820341e+02, 0.,
       6.0222483277193044e+02, 3.3866345266035916e+02, 0., 0., 1. ]
dist_coeff: !!opencv-matrix
   rows: 1
   cols: 5
   dt: d
   data: [ 5.5278057702860255e-02, -7.9793015627169409e-02,
       -1.4037200299961921e-04, -6.6523049592384360e-04,
       1.7973458257451270e-02 ]
